89
90
94
95
101
117
124
127
132
142
143
145
146
161
164
172
173
175
179
183
184
187
190
192
199
200
203
204
205
206
207
208
209
211
213
219
224
225
228
231
238
239
245
246
248
255
257
264
275
280
294
312
318
323
328
334
337
344
346
350
364
374
383
387
411
413
415
489
511
512
513
532
542
547
612
669
694
695
701
703
707
712
716
721
727
729
758
781
782
785
789
805
807
815
817
818
824
825
830
838
840
850
856
863
865
869
872
874
879
889
913
914
930
937
947
948
951
952
953
959
964
965
968
973
974
983
987
989
998
1013
1025
1027
1028
1032
1033
1035
1038
1039
1041
1042
1045
1046
1050
1051
1054
1059
1060
1062
1063
1064
1065
1066
1069
1070
1071
1074
1080
1082
1083
1084
1087
1088
1089
1092
1093
1094
1095
